0.125000 -0.000000 0.009410 -0.000020 0.023292 -0.000034 0.048620 0.000154 0.092474 0.001144 0.166070 0.004412 0.289189 0.013269 0.497778 0.034848 0.856941 0.084239 1.483690 0.193119 2.587698 0.427559 4.545422 0.924452 8.035888 1.965446 
0.000000 0.383493 -0.000043 0.041393 -0.000195 0.095285 -0.000237 0.192464 0.000819 0.358052 0.005675 0.634468 0.020681 1.098429 0.059765 1.889792 0.152642 3.261222 0.361968 5.666059 0.818985 9.917000 1.796876 17.475975 3.860307 
0.009410 -0.000043 0.648346 -0.000340 0.087945 -0.000983 0.200261 -0.001329 0.399824 0.001031 0.735530 0.012322 1.294091 0.046723 2.234900 0.134926 3.848919 0.342093 6.660785 0.805481 11.611035 1.812518 20.387313 3.961054 
-0.000020 0.041393 -0.000340 0.909377 -0.001511 0.141659 -0.003660 0.332952 -0.005498 0.666147 -0.002586 1.219233 0.016131 2.136266 0.075338 3.685193 0.228090 6.355151 0.587000 11.026377 1.389831 19.275851 3.135567 
0.023292 -0.000195 0.087945 -0.001511 1.152519 -0.005088 0.192078 -0.011174 0.484383 -0.017808 0.979867 -0.018351 1.789018 0.003358 3.123764 0.083024 5.381729 0.297413 9.287657 0.810578 16.142119 1.971667 
-0.000034 0.095285 -0.000983 0.141659 -0.005088 1.361741 -0.014377 0.228384 -0.029579 0.644698 -0.048590 1.324811 -0.063726 2.411765 -0.056313 4.190382 0.015058 7.197988 0.240905 12.409744 0.819072 
0.048620 -0.000237 0.200261 -0.003660 0.192078 -0.014377 1.522351 -0.035887 0.243990 -0.070295 0.808696 -0.117184 1.686858 -0.171917 3.049789 -0.222051 5.251879 -0.237954 8.961929 -0.148745 
0.000154 0.192464 -0.001329 0.332952 -0.011174 0.228384 -0.035887 1.626264 -0.081503 0.243837 -0.153477 0.985366 -0.257485 2.067073 -0.401695 3.680216 -0.600133 6.235295 -0.874716 
0.092474 0.000819 0.399824 -0.005498 0.484383 -0.029579 0.243990 -0.081503 1.679895 -0.171655 0.255236 -0.312785 1.212891 -0.525761 2.504146 -0.851263 4.330421 -1.369619 
0.001144 0.358052 0.001031 0.666147 -0.017808 0.644698 -0.070295 0.243837 -0.171655 1.715415 -0.339680 0.343299 -0.601809 1.581044 -1.011164 3.109688 -1.676883 
0.166070 0.005675 0.735530 -0.002586 0.979867 -0.048590 0.808696 -0.153477 0.255236 -0.339680 1.806230 -0.637539 0.632308 -1.102347 2.263516 -1.849268 
0.004412 0.634468 0.012322 1.219233 -0.018351 1.324811 -0.117184 0.985366 -0.312785 0.343299 -0.637539 2.087851 -1.142975 1.335018 -1.934672 
0.289189 0.020681 1.294091 0.016131 1.789018 -0.063726 1.686858 -0.257485 1.212891 -0.601809 0.632308 -1.142975 2.785990 -1.968200 
0.013269 1.098429 0.046723 2.136266 0.003358 2.411765 -0.171917 2.067073 -0.525761 1.581044 -1.102347 1.335018 -1.968200 
0.497778 0.059765 2.234900 0.075338 3.123764 -0.056313 3.049789 -0.401695 2.504146 -1.011164 2.263516 -1.934672 
0.034848 1.889792 0.134926 3.685193 0.083024 4.190382 -0.222051 3.680216 -0.851263 3.109688 -1.849268 
0.856941 0.152642 3.848919 0.228090 5.381729 0.015058 5.251879 -0.600133 4.330421 -1.676883 
0.084239 3.261222 0.342093 6.355151 0.297413 7.197988 -0.237954 6.235295 -1.369619 
1.483690 0.361968 6.660785 0.587000 9.287657 0.240905 8.961929 -0.874716 
0.193119 5.666059 0.805481 11.026377 0.810578 12.409744 -0.148745 
2.587698 0.818985 11.611035 1.389831 16.142119 0.819072 
0.427559 9.917000 1.812518 19.275851 1.971667 
4.545422 1.796876 20.387313 3.135567 
0.924452 17.475975 3.961054 
8.035888 3.860307 
1.965445 
